20060601
20060602
20060603
20060604
20060605
20060606
20060607
20060608
20060609
20060610
20060611
20060612
20060613
20060614
20060615
20060616
20060617
20060618
20060619
20060620
20060621
20060622
20060623
20060624
20060625
20060626
20060627
20060628
20060629
20060630
20060701
20060702
20060703
20060704
20060705
20060706
20060707
20060708
20060709
20060710
20060711
20060712
20060713
20060714
20060715
20060716
20060717
20060718
20060719
20060720
20060721
20060722
20060723
20060724
20060725
20060726
20060727
20060728
20060729
20060730
20060731
20060801
20060802
20060803
20060804
20060805
20060806
20060807
20060808
20060809
20060810
20060811
20060812
20060813
20060814
20060815
20060816
20060817
20060818
20060819
20060820
20060821
20060822
20060823
20060824
20060825
20060826
20060827
20060828
20060829
20060830
20060831
20060901
20060902
20060903
20060904
20060905
20060906
20060907
20060908
20060909
20060910
20060911
20060912
20060913
20060914
20060915
20060916
20060917
20060918
20060919
20060920
20060921
20060922
20060923
20060924
20060925
20060926
20060927
20060928
20060929
20060930
20070601
20070602
20070603
20070604
20070605
20070606
20070607
20070608
20070609
20070610
20070611
20070612
20070613
20070614
20070615
20070616
20070617
20070618
20070619
20070620
20070621
20070622
20070623
20070624
20070625
20070626
20070627
20070628
20070629
20070630
20070701
20070702
20070703
20070704
20070705
20070706
20070707
20070708
20070709
20070710
20070711
20070712
20070713
20070714
20070715
20070716
20070717
20070718
20070719
20070720
20070721
20070722
20070723
20070724
20070725
20070726
20070727
20070728
20070729
20070730
20070731
20070801
20070802
20070803
20070804
20070805
20070806
20070807
20070808
20070809
20070810
20070811
20070812
20070813
20070814
20070815
20070816
20070817
20070818
20070819
20070820
20070821
20070822
20070823
20070824
20070825
20070826
20070827
20070828
20070829
20070830
20070831
20070901
20070902
20070903
20070904
20070905
20070906
20070907
20070908
20070909
20070910
20070911
20070912
20070913
20070914
20070915
20070916
20070917
20070918
20070919
20070920
20070921
20070922
20070923
20070924
20070925
20070926
20070927
20070928
20070929
20070930
20080601
20080602
20080603
20080604
20080605
20080606
20080607
20080608
20080609
20080610
20080611
20080612
20080613
20080614
20080615
20080616
20080617
20080618
20080619
20080620
20080621
20080622
20080623
20080624
20080625
20080626
20080627
20080628
20080629
20080630
20080701
20080702
20080703
20080704
20080705
20080706
20080707
20080708
20080709
20080710
20080711
20080712
20080713
20080714
20080715
20080716
20080717
20080718
20080719
20080720
20080721
20080722
20080723
20080724
20080725
20080726
20080727
20080728
20080729
20080730
20080731
20080801
20080802
20080803
20080804
20080805
20080806
20080807
20080808
20080809
20080810
20080811
20080812
20080813
20080814
20080815
20080816
20080817
20080818
20080819
20080820
20080821
20080822
20080823
20080824
20080825
20080826
20080827
20080828
20080829
20080830
20080831
20080901
20080902
20080903
20080904
20080905
20080906
20080907
20080908
20080909
20080910
20080911
20080912
20080913
20080914
20080915
20080916
20080917
20080918
20080919
20080920
20080921
20080922
20080923
20080924
20080925
20080926
20080927
20080928
20080929
20080930
20090601
20090602
20090603
20090604
20090605
20090606
20090607
20090608
20090609
20090610
20090611
20090612
20090613
20090614
20090615
20090616
20090617
20090618
20090619
20090620
20090621
20090622
20090623
20090624
20090625
20090626
20090627
20090628
20090629
20090630
20090701
20090702
20090703
20090704
20090705
20090706
20090707
20090708
20090709
20090710
20090711
20090712
20090713
20090714
20090715
20090716
20090717
20090718
20090719
20090720
20090721
20090722
20090723
20090724
20090725
20090726
20090727
20090728
20090729
20090730
20090731
20090801
20090802
20090803
20090804
20090805
20090806
20090807
20090808
20090809
20090810
20090811
20090812
20090813
20090814
20090815
20090816
20090817
20090818
20090819
20090820
20090821
20090822
20090823
20090824
20090825
20090826
20090827
20090828
20090829
20090830
20090831
20090901
20090902
20090903
20090904
20090905
20090906
20090907
20090908
20090909
20090910
20090911
20090912
20090913
20090914
20090915
20090916
20090917
20090918
20090919
20090920
20090921
20090922
20090923
20090924
20090925
20090926
20090927
20090928
20090929
20090930
